8

1                  = 1
1 2                = 3
1 2 3              = 6
1 2 3 4            = 10
1 2 3 4 5          = 15
1 2 3 4 5 6        = 21
1 2 3 4 5 6 7      = 28
1 2 3 4 5 6 7 8    = 36
1 2 3 4 5 6 7 8 9  = 45
1 2 3 4 5 6 7 8 9 10= 55
1 2 3 4 5 6 7 8 9 10 11 = 66
1 2 3 4 5 6 7 8 9 10 11 12 = 78
1 2 3 4 5 6 7 8 9 10 11 12 13 = 91
1 2 3 4 5 6 7 8 9 10 11 12 13 14 = 105
1 2 3 4 5 6 7 8 9 10 11 12 13 14 15 = 120
1 2 3 4 5 6 7 8 9 10 11 12 13 14 15 16 = 136
1 2 3 4 5 6 7 8 9 10 11 12 13 14 15 16 17 = 153
1 2 3 4 5 6 7 8 9 10 11 12 13 14 15 16 17 18 = 171
1 2 3 4 5 6 7 8 9 10 11 12 13 14 15 16 17 18 19 = 190
1 2 3 4 5 6 7 8 9 10 11 12 13 14 15 16 17 18 19 20 = 210
1 2 3 4 5 6 7 8 9 10 11 12 13 14 15 16 17 18 19 20 21 = 231
1 2 3 4 5 6 7 8 9 10 11 12 13 14 15 16 17 18 19 20 21 22 = 253
1 2 3 4 5 6 7 8 9 10 11 12 13 14 15 16 17 18 19 20 21 22 23 = 276
1 2 3 4 5 6 7 8 9 10 11 12 13 14 15 16 17 18 19 20 21 22 23 24 = 300
1 2 3 4 5 6 7 8 9 10 11 12 13 14 15 16 17 18 19 20 21 22 23 24 25 = 325




n = 8

n * (n + 1) / 2

0 * (0 + 1) / 2     = 0
1 * (1 + 1) / 2     = 1
2 * (2 + 1) / 2     = 3 
3 * (3 + 1) / 2     = 6
4 * (4 + 1) / 2     = 10
5 * (5 + 1) / 2     = 15
6 * (6 + 1) / 2     = 21
7 * (7 + 1) / 2     = 28
8 * (8 + 1) / 2     = 36
9 * (9 + 1) / 2     = 45
10* (10+ 1) / 2     = 55
